10101
3
0 -50
-43 25
43 25
10101
4
35 -35
-35 -35
-35 35
35 35
10101
5
0 -50
-48 -15
-29 40
29 40
48 -15
10101
6
25 -43
-25 -43
-50 0
-25 43
25 43
50 0
10101
7
0 -50
-39 -31
-49 11
-22 45
22 45
49 11
39 -31
10101
8
19 -46
-19 -46
-46 -19
-46 19
-19 46
19 46
46 19
46 -19
10101
9
0 -50
-32 -38
-49 -9
-43 25
-17 47
17 47
43 25
49 -9
32 -38
10101
10
15 -48
-15 -48
-40 -29
-50 0
-40 29
-15 48
15 48
40 29
50 0
40 -29
10101
11
0 -50
-27 -42
-45 -21
-49 7
-38 33
-14 48
14 48
38 33
49 7
45 -21
27 -42
10101
12
13 -48
-13 -48
-35 -35
-48 -13
-48 13
-35 35
-13 48
13 48
35 35
48 13
48 -13
35 -35
10101
13
0 -50
-23 -44
-41 -28
-50 -6
-47 18
-33 37
-12 49
12 49
33 37
47 18
50 -6
41 -28
23 -44
10101
14
11 -49
-11 -49
-31 -39
-45 -22
-50 0
-45 22
-31 39
-11 49
11 49
31 39
45 22
50 0
45 -22
31 -39
10101
15
0 -50
-20 -46
-37 -33
-48 -15
-50 5
-43 25
-29 40
-10 49
10 49
29 40
43 25
50 5
48 -15
37 -33
20 -46
10101
16
10 -49
-10 -49
-28 -42
-42 -28
-49 -10
-49 10
-42 28
-28 42
-10 49
10 49
28 42
42 28
49 10
49 -10
42 -28
28 -42
10101
17
0 -50
-18 -47
-34 -37
-45 -22
-50 -5
-48 14
-40 30
-26 43
-9 49
9 49
26 43
40 30
48 14
50 -5
45 -22
34 -37
18 -47
10101
18
9 -49
-9 -49
-25 -43
-38 -32
-47 -17
-50 0
-47 17
-38 32
-25 43
-9 49
9 49
25 43
38 32
47 17
50 0
47 -17
38 -32
25 -43
10101
19
0 -50
-16 -47
-31 -39
-42 -27
-48 -12
-50 4
-46 20
-37 34
-24 44
-8 49
8 49
24 44
37 34
46 20
50 4
48 -12
42 -27
31 -39
16 -47
10101
20
8 -49
-8 -49
-23 -45
-35 -35
-45 -23
-49 -8
-49 8
-45 23
-35 35
-23 45
-8 49
8 49
23 45
35 35
45 23
49 8
49 -8
45 -23
35 -35
23 -45
XXX


